2A 41 3A 52 
(47 ms)
26 3A 30 36 35 31 31 31 30 32 31 31 37 30 35 30 30 30 30 30 30 30 30 30 30 30 30 30 30 30 30 30 30 30 30 30 30 30 30 30 30 30 30 30 30 30 30 30 30 30 30 30 30 30 30 30 30 30 30 30 30 30 30 30 30 30 30 30 30 30 30 30 30 30 30 30 30 30 30 30 31 36 30 32 38 36 38 32 38 36 38 30 34 34 30 30 34 35 38 31 36 32 31 31 39 
2A 41 3A 52 
2A 41 3A 52 
(47 ms)
26 3A 30 36 35 31 31 31 30 32 31 31 37 30 35 30 30 30 30 30 30 30 30 30 30 30 30 30 30 30 30 30 30 30 30 30 30 30 30 30 30 30 30 30 30 30 30 30 30 30 30 30 30 30 30 30 30 30 30 30 30 30 30 30 30 30 30 30 30 30 30 30 30 30 30 30 30 30 30 30 31 36 30 32 38 36 38 32 38 36 38 30 34 34 37 30 34 32 36 31 36 32 31 32 31 
2A 41 3A 52 
(31 ms)
26 3A 30 36 35 31 31 31 30 32 31 31 37 30 35 30 30 30 30 30 30 30 30 30 30 30 30 30 30 30 30 30 30 30 30 30 30 30 30 30 30 30 30 30 30 30 30 30 30 30 30 30 30 30 30 30 30 30 30 30 30 30 30 30 30 30 30 30 30 30 30 30 30 30 30 30 30 30 30 30 31 36 30 32 38 36 38 32 38 36 38 30 34 33 34 30 34 33 39 31 36 32 31 32 31 
2A 41 3A 52 
(31 ms)
26 3A 30 36 35 31 31 31 30 32 31 31 37 30 35 30 30 30 30 30 30 30 30 30 30 30 30 30 30 30 30 30 30 30 30 30 30 30 30 30 30 30 30 30 30 30 30 30 30 30 30 30 30 30 30 30 30 30 30 30 30 30 30 30 30 30 30 30 30 30 30 30 30 30 30 30 30 30 30 30 31 36 30 32 38 36 38 32 38 36 38 30 34 32 36 30 34 34 30 31 36 32 31 31 34 
2A 41 3A 52 
(47 ms)
26 3A 30 36 35 31 31 31 30 32 31 31 37 30 36 30 30 30 30 30 30 30 30 30 30 30 30 30 30 30 30 30 30 30 30 30 30 30 30 30 30 30 30 30 30 30 30 30 30 30 30 30 30 30 30 30 30 30 30 30 30 30 30 30 30 30 30 30 30 30 30 30 30 30 30 30 30 30 30 30 31 36 30 32 38 36 38 32 38 36 38 30 34 32 34 30 34 33 30 31 36 32 31 31 32 
2A 41 3A 52 
(16 ms)
26 3A 30 36 35 31 31 31 30 32 31 31 37 30 36 30 30 30 30 30 30 30 30 30 30 30 30 30 30 30 30 30 30 30 30 30 30 30 30 30 30 30 30 30 30 30 30 30 30 30 30 30 30 30 30 30 30 30 30 30 30 30 30 30 30 30 30 30 30 30 30 30 30 30 30 30 30 30 30 30 31 37 30 32 38 36 38 32 38 36 38 30 34 34 36 30 34 32 34 31 36 32 31 32 30 
2A 41 3A 52 
(47 ms)
26 3A 30 36 35 31 31 31 30 32 31 31 37 30 36 30 30 30 30 30 30 30 30 30 30 30 30 30 30 30 30 30 30 30 30 30 30 30 30 30 30 30 30 30 30 30 30 30 30 30 30 30 30 30 30 30 30 30 30 30 30 30 30 30 30 30 30 30 30 30 30 30 30 30 30 30 30 30 30 30 31 37 30 32 38 36 38 32 38 36 38 30 34 34 38 30 34 34 36 31 36 32 31 32 36 
2A 41 3A 52 
(31 ms)
26 3A 30 36 35 31 31 31 30 32 31 31 37 30 36 30 30 30 30 30 30 30 30 30 30 30 30 30 30 30 30 30 30 30 30 30 30 30 30 30 30 30 30 30 30 30 30 30 30 30 30 30 30 30 30 30 30 30 30 30 30 30 30 30 30 30 30 30 30 30 30 30 30 30 30 30 30 30 30 30 31 37 30 32 38 36 38 32 38 36 38 30 34 34 35 30 34 32 36 31 36 32 31 32 31 

瞬时累计都为0